80 240 3 0 1 1 與西語對話前
528 592 2 1 1 1 與土還戰鬥前
528 624 1 2 1 1 與土還戰鬥後
912 848 2 3 5 1 拿到許可前
112 286 1 4 3 1 拿到許可後
272 368 2 5 2 2 綜合與東語對話後
240 592 0 6 2 2 與傳創對話後
112 1488 0 7 2 2 與東語對話後
112 2320 3 8 2 2 綜合與運修對話後
784 112 3 8 3 3 往法院的路
208 144 0 9 4 3 往法院與生科對話後
144 144 2 10 4 3 小雞拿到後
816 144 2 11 4 3 再次找生科
368 208 3 12 2 4 與政法對話後
368 592 0 13 7 4 與法律對話後
1552 432 0 16 2 4 幫資工找燈後
816 176 2 18 4 4 與應經和資管戰鬥前
976 176 2 19 4 4 與應經和資管戰鬥後
112 464 1 20 1 4 離開法院前
1552 1328 3 20 1 5 剛進入理院
688 1456 0 22 1 5 要離開理院
1392 592 1 22 1 6 剛進入圖資
80 272 3 25 2 6 和亞太戰鬥前
400 336 3 26 3 6 和亞太戰鬥後將進入最終BOSS戰鬥



16 176 2 8 4 3 小雞
496 48 3 20 102 102 進入理院前
432 240 2 26 3 6 圖資五樓外面
464 720 2 18 3 4 要打資管和應經
240 592 1 20 3 4 打完資管和應經
80 240 3 25 2 6 要打亞太
464 240 3 26 3 6 要打BOSS